# Created by Octave 5.2.0, Thu May 26 11:28:15 2022 CEST <mordor@maingondor>
# name: selects
# type: matrix
# rows: 13
# columns: 2
 1 6
 2 4
 3 2
 4 4
 5 5
 6 2
 7 3
 8 4
 9 5
 10 6
 11 3
 12 4
 13 2


