# Created by Octave 5.2.0, Fri Jun 10 16:39:22 2022 CEST <mordor@maingondor>
# name: selects
# type: matrix
# rows: 28
# columns: 2
 1 5
 2 5
 3 2
 4 2
 5 3
 6 3
 7 1
 8 3
 9 5
 10 5
 11 4
 12 1
 13 2
 14 1
 15 1
 16 3
 17 4
 18 1
 19 3
 20 5
 21 3
 22 5
 23 4
 24 2
 25 2
 26 4
 27 5
 28 3


