# Created by Octave 5.2.0, Thu Jun 02 12:26:45 2022 CEST <mordor@maingondor>
# name: selects
# type: matrix
# rows: 8
# columns: 2
 1 4
 2 4
 3 2
 4 4
 5 2
 6 2
 7 3
 8 2


