# Created by Octave 5.2.0, Wed Jun 22 16:12:04 2022 CEST <mordor@maingondor>
# name: selects
# type: matrix
# rows: 16
# columns: 2
 1 3
 2 4
 3 5
 4 6
 5 3
 6 6
 7 5
 8 5
 9 3
 10 2
 11 7
 12 6
 13 5
 14 1
 15 1
 16 6


