# Created by Octave 5.2.0, Wed May 18 11:44:44 2022 CEST <mordor@maingondor>
# name: selects
# type: matrix
# rows: 13
# columns: 2
 1 2
 2 7
 3 7
 4 7
 5 4
 6 7
 7 4
 8 7
 9 1
 10 7
 11 2
 12 7
 13 7


