# Created by Octave 5.2.0, Thu May 26 12:40:35 2022 CEST <mordor@maingondor>
# name: selects
# type: matrix
# rows: 10
# columns: 2
 1 4
 2 1
 3 2
 4 1
 5 2
 6 5
 7 4
 8 3
 9 4
 10 5


