# Created by Octave 5.2.0, Thu Jun 09 16:16:45 2022 CEST <mordor@maingondor>
# name: selects
# type: matrix
# rows: 28
# columns: 2
 1 5
 2 5
 3 3
 4 2
 5 3
 6 3
 7 3
 8 5
 9 5
 10 4
 11 3
 12 2
 13 3
 14 1
 15 2
 16 4
 17 3
 18 1
 19 4
 20 4
 21 3
 22 2
 23 4
 24 1
 25 2
 26 3
 27 4
 28 4


