# Created by Octave 5.2.0, Wed May 18 11:08:23 2022 CEST <mordor@maingondor>
# name: selects
# type: matrix
# rows: 15
# columns: 2
 1 1
 2 7
 3 7
 4 7
 5 2
 6 6
 7 4
 8 7
 9 1
 10 7
 11 4
 12 7
 13 6
 14 7
 15 3


