# Created by Octave 5.2.0, Thu Apr 07 15:58:27 2022 CEST <mordor@maingondor>
# name: selects
# type: matrix
# rows: 13
# columns: 2
 1 1
 2 5
 3 5
 4 5
 5 4
 6 5
 7 4
 8 6
 9 2
 10 7
 11 4
 12 6
 13 3


