# Created by Octave 5.2.0, Tue Jul 05 15:47:32 2022 CEST <mordor@maingondor>
# name: selects
# type: matrix
# rows: 13
# columns: 2
 1 2
 2 5
 3 6
 4 6
 5 5
 6 4
 7 5
 8 4
 9 5
 10 3
 11 7
 12 6
 13 3


