# Created by Octave 5.2.0, Fri Jun 10 16:10:30 2022 CEST <mordor@maingondor>
# name: selects
# type: matrix
# rows: 14
# columns: 2
 1 1
 2 6
 3 7
 4 7
 5 1
 6 7
 7 4
 8 7
 9 3
 10 4
 11 5
 12 7
 13 2
 14 6


