# Created by Octave 5.2.0, Thu Apr 21 16:40:27 2022 CEST <mordor@maingondor>
# name: selects
# type: matrix
# rows: 8
# columns: 2
 1 1
 2 7
 3 4
 4 7
 5 7
 6 4
 7 1
 8 7


