# Created by Octave 5.2.0, Tue May 31 12:39:25 2022 CEST <mordor@maingondor>
# name: selects
# type: matrix
# rows: 8
# columns: 2
 1 4
 2 4
 3 5
 4 4
 5 3
 6 4
 7 5
 8 5


