# Created by Octave 5.2.0, Thu Apr 07 15:36:43 2022 CEST <mordor@maingondor>
# name: selects
# type: matrix
# rows: 15
# columns: 2
 1 3
 2 4
 3 5
 4 5
 5 2
 6 5
 7 3
 8 6
 9 1
 10 3
 11 1
 12 4
 13 3
 14 7
 15 1


