# Created by Octave 5.2.0, Tue May 31 12:32:33 2022 CEST <mordor@maingondor>
# name: selects
# type: matrix
# rows: 8
# columns: 2
 1 3
 2 7
 3 4
 4 3
 5 3
 6 5
 7 1
 8 7


