# Created by Octave 5.2.0, Thu May 26 12:38:53 2022 CEST <mordor@maingondor>
# name: selects
# type: matrix
# rows: 8
# columns: 2
 1 5
 2 4
 3 2
 4 2
 5 2
 6 1
 7 4
 8 5


