# Created by Octave 5.2.0, Fri Jun 10 16:47:19 2022 CEST <mordor@maingondor>
# name: selects
# type: matrix
# rows: 10
# columns: 2
 1 2
 2 4
 3 3
 4 2
 5 1
 6 4
 7 3
 8 1
 9 1
 10 5


