# Created by Octave 5.2.0, Thu Jun 09 16:19:52 2022 CEST <mordor@maingondor>
# name: selects
# type: matrix
# rows: 8
# columns: 2
 1 1
 2 2
 3 1
 4 3
 5 2
 6 2
 7 3
 8 2


