# Created by Octave 5.2.0, Thu Mar 17 17:32:59 2022 CET <mordor@maingondor>
# name: selects
# type: matrix
# rows: 8
# columns: 2
 1 5
 2 2
 3 2
 4 2
 5 6
 6 2
 7 2
 8 2


