# Created by Octave 5.2.0, Tue Jun 28 12:25:35 2022 CEST <mordor@maingondor>
# name: selects
# type: matrix
# rows: 28
# columns: 2
 1 3
 2 4
 3 2
 4 3
 5 3
 6 3
 7 3
 8 4
 9 3
 10 2
 11 3
 12 3
 13 3
 14 2
 15 4
 16 2
 17 1
 18 2
 19 3
 20 2
 21 4
 22 3
 23 3
 24 1
 25 2
 26 2
 27 2
 28 2


