# Created by Octave 5.2.0, Tue Jun 28 12:04:53 2022 CEST <mordor@maingondor>
# name: selects
# type: matrix
# rows: 14
# columns: 2
 1 2
 2 4
 3 5
 4 6
 5 2
 6 5
 7 4
 8 6
 9 2
 10 4
 11 5
 12 6
 13 5
 14 6


