# Created by Octave 5.2.0, Tue Apr 12 12:40:32 2022 CEST <mordor@maingondor>
# name: selects
# type: matrix
# rows: 10
# columns: 2
 1 1
 2 4
 3 4
 4 5
 5 2
 6 5
 7 4
 8 3
 9 1
 10 4


