# Created by Octave 5.2.0, Wed Jun 22 17:32:51 2022 CEST <mordor@maingondor>
# name: selects
# type: matrix
# rows: 8
# columns: 2
 1 2
 2 4
 3 2
 4 1
 5 2
 6 3
 7 1
 8 4


