# Created by Octave 5.2.0, Thu May 26 12:33:23 2022 CEST <mordor@maingondor>
# name: selects
# type: matrix
# rows: 8
# columns: 2
 1 5
 2 7
 3 6
 4 5
 5 6
 6 5
 7 5
 8 4


