# Created by Octave 5.2.0, Tue May 31 12:35:08 2022 CEST <mordor@maingondor>
# name: selects
# type: matrix
# rows: 10
# columns: 2
 1 1
 2 4
 3 2
 4 4
 5 1
 6 5
 7 4
 8 2
 9 1
 10 2


