# Created by Octave 5.2.0, Tue Aug 09 12:29:27 2022 CEST <mordor@maingondor>
# name: selects
# type: matrix
# rows: 28
# columns: 2
 1 2
 2 3
 3 2
 4 2
 5 3
 6 3
 7 1
 8 5
 9 4
 10 4
 11 5
 12 1
 13 4
 14 3
 15 2
 16 4
 17 4
 18 1
 19 3
 20 3
 21 5
 22 3
 23 4
 24 3
 25 4
 26 4
 27 5
 28 4


