# Created by Octave 5.2.0, Fri May 20 16:33:14 2022 CEST <mordor@maingondor>
# name: selects
# type: matrix
# rows: 8
# columns: 2
 1 6
 2 6
 3 7
 4 5
 5 2
 6 4
 7 5
 8 7


