# Created by Octave 5.2.0, Thu Apr 21 15:27:23 2022 CEST <mordor@maingondor>
# name: selects
# type: matrix
# rows: 16
# columns: 2
 1 1
 2 7
 3 7
 4 7
 5 1
 6 7
 7 1
 8 7
 9 1
 10 7
 11 7
 12 4
 13 7
 14 1
 15 1
 16 7


