# Created by Octave 5.2.0, Wed Jun 22 16:58:29 2022 CEST <mordor@maingondor>
# name: selects
# type: matrix
# rows: 14
# columns: 2
 1 1
 2 7
 3 7
 4 6
 5 1
 6 7
 7 2
 8 7
 9 2
 10 4
 11 7
 12 7
 13 5
 14 6


