# Created by Octave 5.2.0, Fri May 06 16:18:49 2022 CEST <mordor@maingondor>
# name: selects
# type: matrix
# rows: 14
# columns: 2
 1 2
 2 6
 3 7
 4 7
 5 1
 6 6
 7 5
 8 7
 9 1
 10 6
 11 7
 12 7
 13 3
 14 6


