# Created by Octave 5.2.0, Fri May 06 16:34:20 2022 CEST <mordor@maingondor>
# name: selects
# type: matrix
# rows: 8
# columns: 2
 1 3
 2 2
 3 3
 4 2
 5 2
 6 3
 7 2
 8 2


