# Created by Octave 5.2.0, Wed May 18 12:25:40 2022 CEST <mordor@maingondor>
# name: selects
# type: matrix
# rows: 10
# columns: 2
 1 1
 2 4
 3 5
 4 2
 5 2
 6 5
 7 3
 8 2
 9 4
 10 5


