# Created by Octave 5.2.0, Fri May 20 16:36:58 2022 CEST <mordor@maingondor>
# name: selects
# type: matrix
# rows: 10
# columns: 2
 1 2
 2 4
 3 5
 4 2
 5 1
 6 4
 7 1
 8 3
 9 5
 10 5


