# Created by Octave 5.2.0, Tue Jul 05 15:20:31 2022 CEST <mordor@maingondor>
# name: selects
# type: matrix
# rows: 15
# columns: 2
 1 1
 2 4
 3 7
 4 6
 5 1
 6 7
 7 7
 8 5
 9 5
 10 7
 11 7
 12 7
 13 7
 14 7
 15 1


