# Created by Octave 5.2.0, Thu Jun 02 11:31:06 2022 CEST <mordor@maingondor>
# name: selects
# type: matrix
# rows: 13
# columns: 2
 1 4
 2 4
 3 3
 4 7
 5 6
 6 4
 7 3
 8 4
 9 4
 10 5
 11 2
 12 1
 13 3


