# Created by Octave 5.2.0, Fri May 20 15:35:31 2022 CEST <mordor@maingondor>
# name: selects
# type: matrix
# rows: 13
# columns: 2
 1 4
 2 6
 3 6
 4 7
 5 5
 6 5
 7 4
 8 5
 9 1
 10 5
 11 3
 12 7
 13 6


