# Created by Octave 5.2.0, Fri May 06 16:37:01 2022 CEST <mordor@maingondor>
# name: selects
# type: matrix
# rows: 28
# columns: 2
 1 4
 2 4
 3 1
 4 1
 5 5
 6 4
 7 1
 8 3
 9 2
 10 3
 11 4
 12 1
 13 2
 14 2
 15 1
 16 5
 17 2
 18 2
 19 3
 20 4
 21 4
 22 5
 23 5
 24 2
 25 4
 26 4
 27 2
 28 2


