# Created by Octave 5.2.0, Thu May 26 11:08:11 2022 CEST <mordor@maingondor>
# name: selects
# type: matrix
# rows: 15
# columns: 2
 1 2
 2 4
 3 5
 4 4
 5 2
 6 4
 7 5
 8 4
 9 3
 10 6
 11 6
 12 3
 13 4
 14 7
 15 5


