# Created by Octave 5.2.0, Thu Apr 21 12:19:44 2022 CEST <mordor@maingondor>
# name: selects
# type: matrix
# rows: 14
# columns: 2
 1 1
 2 4
 3 5
 4 6
 5 1
 6 6
 7 6
 8 6
 9 1
 10 6
 11 7
 12 7
 13 6
 14 5


