# Created by Octave 5.2.0, Thu Jun 02 12:31:04 2022 CEST <mordor@maingondor>
# name: selects
# type: matrix
# rows: 28
# columns: 2
 1 5
 2 3
 3 3
 4 3
 5 5
 6 2
 7 1
 8 3
 9 3
 10 4
 11 4
 12 2
 13 2
 14 2
 15 2
 16 3
 17 4
 18 2
 19 4
 20 4
 21 3
 22 3
 23 3
 24 2
 25 1
 26 3
 27 2
 28 3


