# Created by Octave 5.2.0, Tue May 31 11:27:13 2022 CEST <mordor@maingondor>
# name: selects
# type: matrix
# rows: 15
# columns: 2
 1 3
 2 7
 3 7
 4 7
 5 2
 6 6
 7 4
 8 6
 9 1
 10 7
 11 1
 12 4
 13 6
 14 7
 15 3


