# Created by Octave 5.2.0, Tue Jun 28 11:38:40 2022 CEST <mordor@maingondor>
# name: selects
# type: matrix
# rows: 13
# columns: 2
 1 3
 2 5
 3 2
 4 6
 5 5
 6 3
 7 4
 8 5
 9 2
 10 7
 11 2
 12 4
 13 2


