# Created by Octave 5.2.0, Tue Aug 09 11:18:25 2022 CEST <mordor@maingondor>
# name: selects
# type: matrix
# rows: 16
# columns: 2
 1 6
 2 5
 3 5
 4 5
 5 2
 6 5
 7 4
 8 5
 9 1
 10 7
 11 6
 12 6
 13 4
 14 2
 15 2
 16 3


