# Created by Octave 5.2.0, Wed Jun 22 16:36:10 2022 CEST <mordor@maingondor>
# name: selects
# type: matrix
# rows: 13
# columns: 2
 1 5
 2 7
 3 7
 4 6
 5 2
 6 6
 7 2
 8 6
 9 2
 10 6
 11 2
 12 5
 13 5


