# Created by Octave 5.2.0, Tue Jul 05 15:35:22 2022 CEST <mordor@maingondor>
# name: selects
# type: matrix
# rows: 13
# columns: 2
 1 1
 2 7
 3 7
 4 6
 5 1
 6 7
 7 7
 8 5
 9 1
 10 3
 11 7
 12 7
 13 3


