# Created by Octave 5.2.0, Tue Aug 09 12:23:59 2022 CEST <mordor@maingondor>
# name: selects
# type: matrix
# rows: 10
# columns: 2
 1 2
 2 3
 3 2
 4 4
 5 2
 6 5
 7 5
 8 2
 9 1
 10 5


