# Created by Octave 5.2.0, Wed May 18 12:24:36 2022 CEST <mordor@maingondor>
# name: selects
# type: matrix
# rows: 8
# columns: 2
 1 2
 2 2
 3 2
 4 2
 5 2
 6 2
 7 1
 8 2


