# Created by Octave 5.2.0, Fri May 20 16:38:07 2022 CEST <mordor@maingondor>
# name: selects
# type: matrix
# rows: 8
# columns: 2
 1 4
 2 5
 3 2
 4 3
 5 4
 6 5
 7 4
 8 5


