# Created by Octave 5.2.0, Tue Jun 28 12:19:04 2022 CEST <mordor@maingondor>
# name: selects
# type: matrix
# rows: 10
# columns: 2
 1 4
 2 3
 3 4
 4 3
 5 2
 6 3
 7 3
 8 4
 9 4
 10 4


