# Created by Octave 5.2.0, Fri May 06 16:33:03 2022 CEST <mordor@maingondor>
# name: selects
# type: matrix
# rows: 10
# columns: 2
 1 1
 2 4
 3 4
 4 3
 5 2
 6 5
 7 2
 8 1
 9 3
 10 5


