# Created by Octave 5.2.0, Wed Jun 22 16:24:23 2022 CEST <mordor@maingondor>
# name: selects
# type: matrix
# rows: 16
# columns: 2
 1 4
 2 5
 3 6
 4 6
 5 6
 6 5
 7 2
 8 5
 9 5
 10 7
 11 6
 12 7
 13 4
 14 1
 15 1
 16 7


