# Created by Octave 5.2.0, Thu Jun 02 12:14:51 2022 CEST <mordor@maingondor>
# name: selects
# type: matrix
# rows: 14
# columns: 2
 1 2
 2 3
 3 6
 4 7
 5 1
 6 7
 7 2
 8 6
 9 1
 10 4
 11 4
 12 7
 13 7
 14 7


