# Created by Octave 5.2.0, Fri Jun 10 15:48:34 2022 CEST <mordor@maingondor>
# name: selects
# type: matrix
# rows: 13
# columns: 2
 1 4
 2 5
 3 6
 4 7
 5 5
 6 5
 7 4
 8 7
 9 2
 10 6
 11 5
 12 3
 13 3


