# Created by Octave 5.2.0, Thu Apr 07 11:36:43 2022 CEST <mordor@maingondor>
# name: selects
# type: matrix
# rows: 10
# columns: 2
 1 2
 2 2
 3 2
 4 2
 5 2
 6 2
 7 2
 8 2
 9 2
 10 2


