# Created by Octave 5.2.0, Thu Jun 02 11:51:54 2022 CEST <mordor@maingondor>
# name: selects
# type: matrix
# rows: 13
# columns: 2
 1 5
 2 4
 3 4
 4 7
 5 6
 6 3
 7 3
 8 4
 9 4
 10 6
 11 4
 12 3
 13 4


