# Created by Octave 5.2.0, Thu Apr 21 11:20:10 2022 CEST <mordor@maingondor>
# name: selects
# type: matrix
# rows: 15
# columns: 2
 1 1
 2 7
 3 7
 4 6
 5 2
 6 6
 7 6
 8 7
 9 1
 10 1
 11 7
 12 5
 13 6
 14 7
 15 1


