# Created by Octave 5.2.0, Tue Jul 05 16:57:52 2022 CEST <mordor@maingondor>
# name: selects
# type: matrix
# rows: 28
# columns: 2
 1 3
 2 4
 3 2
 4 3
 5 5
 6 4
 7 1
 8 5
 9 4
 10 3
 11 5
 12 1
 13 4
 14 2
 15 3
 16 4
 17 3
 18 1
 19 4
 20 4
 21 5
 22 4
 23 5
 24 2
 25 3
 26 5
 27 2
 28 4


