# Created by Octave 5.2.0, Wed Jun 22 17:24:08 2022 CEST <mordor@maingondor>
# name: selects
# type: matrix
# rows: 8
# columns: 2
 1 4
 2 7
 3 6
 4 6
 5 6
 6 1
 7 3
 8 6


