# Created by Octave 5.2.0, Tue Apr 12 12:47:18 2022 CEST <mordor@maingondor>
# name: selects
# type: matrix
# rows: 28
# columns: 2
 1 3
 2 2
 3 1
 4 3
 5 3
 6 1
 7 2
 8 5
 9 4
 10 4
 11 5
 12 2
 13 5
 14 3
 15 5
 16 2
 17 2
 18 1
 19 5
 20 4
 21 4
 22 2
 23 3
 24 1
 25 4
 26 3
 27 2
 28 5


