# Created by Octave 5.2.0, Thu Jun 09 16:18:15 2022 CEST <mordor@maingondor>
# name: selects
# type: matrix
# rows: 10
# columns: 2
 1 3
 2 2
 3 4
 4 4
 5 1
 6 4
 7 5
 8 3
 9 2
 10 5


