# Created by Octave 5.2.0, Tue Jun 28 11:09:16 2022 CEST <mordor@maingondor>
# name: selects
# type: matrix
# rows: 13
# columns: 2
 1 3
 2 4
 3 5
 4 6
 5 4
 6 5
 7 4
 8 5
 9 3
 10 7
 11 6
 12 6
 13 4


