# Created by Octave 5.2.0, Tue Aug 09 11:29:08 2022 CEST <mordor@maingondor>
# name: selects
# type: matrix
# rows: 13
# columns: 2
 1 1
 2 7
 3 7
 4 6
 5 3
 6 6
 7 4
 8 7
 9 2
 10 5
 11 4
 12 3
 13 4


