# Created by Octave 5.2.0, Tue Jun 28 12:20:31 2022 CEST <mordor@maingondor>
# name: selects
# type: matrix
# rows: 8
# columns: 2
 1 3
 2 3
 3 2
 4 2
 5 3
 6 3
 7 3
 8 4


