# Created by Octave 5.2.0, Wed May 18 11:30:42 2022 CEST <mordor@maingondor>
# name: selects
# type: matrix
# rows: 13
# columns: 2
 1 1
 2 7
 3 7
 4 7
 5 3
 6 6
 7 3
 8 6
 9 1
 10 7
 11 1
 12 7
 13 6


