# Created by Octave 5.2.0, Tue Jul 05 16:15:40 2022 CEST <mordor@maingondor>
# name: selects
# type: matrix
# rows: 14
# columns: 2
 1 1
 2 7
 3 7
 4 7
 5 1
 6 7
 7 2
 8 7
 9 1
 10 4
 11 7
 12 7
 13 6
 14 7


