# Created by Octave 5.2.0, Wed Jun 22 17:31:04 2022 CEST <mordor@maingondor>
# name: selects
# type: matrix
# rows: 10
# columns: 2
 1 2
 2 4
 3 3
 4 5
 5 5
 6 5
 7 4
 8 5
 9 1
 10 2


