# Created by Octave 5.2.0, Fri Jun 10 16:35:23 2022 CEST <mordor@maingondor>
# name: selects
# type: matrix
# rows: 8
# columns: 2
 1 4
 2 6
 3 4
 4 7
 5 6
 6 5
 7 3
 8 7


