# Created by Octave 5.2.0, Thu Apr 21 11:47:19 2022 CEST <mordor@maingondor>
# name: selects
# type: matrix
# rows: 13
# columns: 2
 1 2
 2 6
 3 6
 4 6
 5 4
 6 5
 7 6
 8 6
 9 4
 10 1
 11 7
 12 2
 13 5


