# Created by Octave 5.2.0, Mon Aug 08 12:18:43 2022 CEST <mordor@maingondor>
# name: selects
# type: matrix
# rows: 14
# columns: 2
 1 1
 2 7
 3 7
 4 7
 5 2
 6 7
 7 4
 8 7
 9 3
 10 4
 11 5
 12 5
 13 4
 14 7


