# Created by Octave 5.2.0, Tue Jun 28 11:26:22 2022 CEST <mordor@maingondor>
# name: selects
# type: matrix
# rows: 16
# columns: 2
 1 2
 2 4
 3 6
 4 6
 5 4
 6 5
 7 4
 8 5
 9 2
 10 7
 11 2
 12 5
 13 4
 14 2
 15 2
 16 6


