# Created by Octave 5.2.0, Fri Jun 10 15:27:04 2022 CEST <mordor@maingondor>
# name: selects
# type: matrix
# rows: 13
# columns: 2
 1 3
 2 6
 3 7
 4 7
 5 3
 6 7
 7 5
 8 6
 9 2
 10 6
 11 4
 12 6
 13 3


