# Created by Octave 5.2.0, Tue Jul 05 16:47:51 2022 CEST <mordor@maingondor>
# name: selects
# type: matrix
# rows: 8
# columns: 2
 1 2
 2 2
 3 2
 4 1
 5 2
 6 1
 7 2
 8 2


