# Created by Octave 5.2.0, Thu May 26 11:43:57 2022 CEST <mordor@maingondor>
# name: selects
# type: matrix
# rows: 13
# columns: 2
 1 2
 2 5
 3 5
 4 6
 5 2
 6 5
 7 5
 8 5
 9 2
 10 6
 11 4
 12 7
 13 4


