# Created by Octave 5.2.0, Fri Jun 10 16:45:33 2022 CEST <mordor@maingondor>
# name: selects
# type: matrix
# rows: 8
# columns: 2
 1 3
 2 2
 3 3
 4 4
 5 2
 6 4
 7 3
 8 4


