# Created by Octave 5.2.0, Fri May 06 14:54:54 2022 CEST <mordor@maingondor>
# name: selects
# type: matrix
# rows: 15
# columns: 2
 1 3
 2 6
 3 7
 4 7
 5 1
 6 6
 7 2
 8 7
 9 3
 10 7
 11 6
 12 7
 13 7
 14 7
 15 5


