# Created by Octave 5.2.0, Thu Apr 21 16:20:30 2022 CEST <mordor@maingondor>
# name: selects
# type: matrix
# rows: 14
# columns: 2
 1 1
 2 7
 3 7
 4 7
 5 1
 6 7
 7 2
 8 7
 9 1
 10 7
 11 4
 12 4
 13 1
 14 7


