# Created by Octave 5.2.0, Tue May 31 12:38:20 2022 CEST <mordor@maingondor>
# name: selects
# type: matrix
# rows: 28
# columns: 2
 1 4
 2 4
 3 1
 4 3
 5 4
 6 5
 7 2
 8 5
 9 5
 10 5
 11 4
 12 2
 13 4
 14 1
 15 1
 16 3
 17 4
 18 1
 19 2
 20 5
 21 4
 22 4
 23 3
 24 1
 25 2
 26 4
 27 4
 28 4


