# Created by Octave 5.2.0, Tue May 31 11:48:58 2022 CEST <mordor@maingondor>
# name: selects
# type: matrix
# rows: 13
# columns: 2
 1 5
 2 6
 3 6
 4 7
 5 6
 6 5
 7 6
 8 5
 9 4
 10 7
 11 3
 12 5
 13 6


