# Created by Octave 5.2.0, Wed Jun 22 16:02:31 2022 CEST <mordor@maingondor>
# name: selects
# type: matrix
# rows: 13
# columns: 2
 1 1
 2 7
 3 7
 4 6
 5 1
 6 7
 7 3
 8 6
 9 1
 10 7
 11 2
 12 7
 13 7


