# Created by Octave 5.2.0, Fri Jun 10 15:01:40 2022 CEST <mordor@maingondor>
# name: selects
# type: matrix
# rows: 15
# columns: 2
 1 1
 2 7
 3 7
 4 7
 5 2
 6 7
 7 4
 8 7
 9 3
 10 6
 11 3
 12 4
 13 3
 14 7
 15 4


