# Created by Octave 5.2.0, Tue Aug 09 10:53:30 2022 CEST <mordor@maingondor>
# name: selects
# type: matrix
# rows: 15
# columns: 2
 1 1
 2 6
 3 7
 4 6
 5 2
 6 6
 7 3
 8 7
 9 1
 10 7
 11 4
 12 7
 13 4
 14 7
 15 5


