# Created by Octave 5.2.0, Mon Aug 08 12:35:51 2022 CEST <mordor@maingondor>
# name: selects
# type: matrix
# rows: 28
# columns: 2
 1 4
 2 4
 3 2
 4 2
 5 2
 6 1
 7 2
 8 4
 9 4
 10 3
 11 4
 12 2
 13 4
 14 2
 15 2
 16 4
 17 1
 18 1
 19 4
 20 2
 21 4
 22 4
 23 4
 24 1
 25 2
 26 3
 27 3
 28 4


