# Created by Octave 5.2.0, Tue May 31 12:13:30 2022 CEST <mordor@maingondor>
# name: selects
# type: matrix
# rows: 14
# columns: 2
 1 1
 2 5
 3 5
 4 7
 5 1
 6 6
 7 4
 8 7
 9 1
 10 5
 11 6
 12 6
 13 7
 14 7


