# Created by Octave 5.2.0, Thu Jun 02 11:05:11 2022 CEST <mordor@maingondor>
# name: selects
# type: matrix
# rows: 15
# columns: 2
 1 2
 2 3
 3 3
 4 6
 5 3
 6 3
 7 6
 8 4
 9 2
 10 5
 11 6
 12 5
 13 6
 14 4
 15 4


