# Created by Octave 5.2.0, Thu Jun 02 12:25:23 2022 CEST <mordor@maingondor>
# name: selects
# type: matrix
# rows: 10
# columns: 2
 1 1
 2 4
 3 4
 4 3
 5 3
 6 5
 7 3
 8 3
 9 4
 10 3


