# Created by Octave 5.2.0, Fri May 06 15:54:49 2022 CEST <mordor@maingondor>
# name: selects
# type: matrix
# rows: 13
# columns: 2
 1 7
 2 6
 3 3
 4 7
 5 3
 6 3
 7 3
 8 2
 9 5
 10 7
 11 4
 12 1
 13 2


