# Created by Octave 5.2.0, Wed Jun 22 15:53:31 2022 CEST <mordor@maingondor>
# name: selects
# type: matrix
# rows: 15
# columns: 2
 1 2
 2 7
 3 7
 4 6
 5 1
 6 7
 7 3
 8 6
 9 2
 10 7
 11 3
 12 7
 13 6
 14 7
 15 3


